#MONTAG bis FREITAG

     4     30    50
     5     20    33    48
     6     00    12    24    34    43    51
     7     00    06    12    18    24    31    38    44    51    58
     8     04    11    18    24    31    39    47    54
 9..12     04    14    24    34    44    54
    13     04    14    24    34    44    53
    14     00    06    13    20    26    33    40    46    53
    15     00    06    13    20    26    33    40    46    53
16..17     00    06    13    20    26    33    40    46    53
    18     03    13    23    33    43    53
    19     03    12    27    42    57
20..21     12    27    42    57
    22     12    27    50
23...0     20    50
     1     20    50
     2     30
     3     40


#SONNABEND

     4     30
     5     00    20    50
 6...8     20    50
     9     02    12    27    42    52
10..16     02    12    22    32    42    52
    17     02    12    22    32    42    57
18..21     12    27    42    57
    22     12    27    50
23...0     20    50
     1     20    50
     2     30
     3     40


#SONN- und FEIERTAG

     4     30
     5     00    20    50
 6...8     20    50
     9     20    50    59
10..20     12    27    42    57
    21     12    27    50
22...0     20    50
     1     20
     2     30
     3     40
