#MONTAG bis FREITAG

     6     02    18    36    51    54
     7     14    29    33    53
     8     13    34    54
     9     14    34    54
    10     14    34    53
11..12     13    33    53
    13     13    33    43    53
    14     13    33    51    53
15..17     14    34    54
    18     14    34    53
    19     13    40
    20     10    40
    21     03    28


#SONNABEND

     8     58
     9     23    46
10..16     12    42
    17     12    40
18..20     10    40
    21     03    28


#SONN- und FEIERTAG

     8     58
     9     23    46
10..20     10    40
    21     03    28
