#MONTAG bis FREITAG

     4     02    31
     5     01    29    44    59
     6     09    20    27    37    47    55
     7     01    08    15    21    28    35    41    48    55
     8     01    08    15    21    28    38    48    58
 9..12     08    18    28    38    48    58
    13     08    18    28    35    42    48    55
14..16     02    08    15    22    28    35    42    48    55
    17     02    08    15    22    28    35    42    48    58
    18     08    18    28    38    48    58
    19     12    29    44    59
20..21     14    29    44    59
    22     19    30
    23     00    30
     0     00    30
     1     02    32
     2     12
     3     22


#SONNABEND

     4     02
  5..7     01    31
     8     01    31    59
     9     18    29    39    49    59
10..16     09    19    29    39    49    59
    17     09    19    29    44    59
18..21     14    29    44    59
    22     19    30
    23     00    30
     0     00    30
     1     02    32
     2     12
     3     22


#SONN- und FEIERTAG

     4     02
  5..8     01    31
     9     01    31    59
10..20     14    29    44    59
    21     19    31
    22     01    30
    23     00    30
     0     00    30
     1     02
     2     12
     3     22
