#MONTAG bis FREITAG

     5     35    55
     6     15    31    48
     7     06    16    22    31    51
     8     11    31    50
     9     00    09    29    49
10..13     09    29    49
    14     09    29    49    59
15..17     09    29    49
    18     11    31    51
    19     10    33
    20     03    32    55


#SONNABEND

     8     29    49
     9     08    33
10..17     02    32
18..19     03    33
    20     03    32    55


#SONN- und FEIERTAG

     8     29    49
     9     08    33
10..19     03    33
    20     03    32    55
